output_wf 1
radix 1 1 1 1 1 1 1 1 1 1 1 2 4 3 3 3 3 3 2 4 4 4 4 4
io i i i i i i i i i i i i i i i i i i i i i i i i
vname RESET_BAR CLK CLK_BAR ALU_SRC ALU_SRC_BAR MEM_TO_REG REG_WR MEM_PCHG MEM_RD MEM_WR LEFT ALU_OP<[5:4]> ALU_OP<[3:0]> RD_ADDR1<[2:0]> RD_ADDR_BAR1<[2:0]> RD_ADDR2<[2:0]> RD_ADDR_BAR2<[2:0]> WR_ADDR<[2:0]> MEM_ADDR<[5:4]> MEM_ADDR<[3:0]> IMM<[15:12]> IMM<[11:8]> IMM<[7:4]> IMM<[3:0]>
tunit ns
trise 10ps
tfall 10ps
vih 1.8
vil 0.0
vol 0

; RESET and PRECHARGE Sequence
0	0 1 0 0 0 0 0 0 0 0 0 0 0 0 0 0 0 0 0 0 0 0 0 0
1.25	0 0 1 0 0 0 0 0 0 0 0 0 0 0 0 0 0 0 0 0 0 0 0 0
2.5	0 1 0 0 0 0 0 0 0 0 0 0 0 0 0 0 0 0 0 0 0 0 0 0
3.75	0 0 1 0 0 0 0 0 0 0 0 0 0 0 0 0 0 0 0 0 0 0 0 0
; Tabular Data 
5.0	1 1 0 1 0 0 0 0 0 0 0 0 0 0 7 0 7 0 0 a 0 0 1 3 ; STOREI
6.25	1 0 1 1 0 0 0 0 0 0 0 0 0 0 7 0 7 0 0 a 0 0 1 3
7.5	1 1 0 1 0 0 0 0 0 0 0 0 0 0 7 0 7 0 0 b 0 0 2 f ; STOREI
8.75	1 0 1 1 0 0 0 0 0 0 0 0 0 0 7 0 7 0 0 b 0 0 2 f
10.0	1 1 0 1 0 0 0 0 0 0 0 0 0 0 7 0 7 0 1 0 0 0 0 e ; STOREI, prior SW
11.25	1 0 1 1 0 0 0 1 0 1 0 0 0 0 7 0 7 0 1 0 0 0 0 e
12.5	1 1 0 1 0 0 0 0 0 0 0 0 0 0 7 0 7 0 1 1 0 0 f e ; STOREI, prior SW
13.75	1 0 1 1 0 0 0 1 0 1 0 0 0 0 7 0 7 0 1 1 0 0 f e
15.0	1 1 0 1 0 1 1 0 0 0 0 0 0 0 7 0 7 1 0 a 0 0 0 0 ; LW, prior SW
16.25	1 0 1 1 0 1 1 1 0 1 0 0 0 0 7 0 7 1 0 a 0 0 0 0
17.5	1 1 0 1 0 1 1 0 0 0 0 0 0 0 7 0 7 2 0 b 0 0 0 0 ; LW, prior SW
18.75	1 0 1 1 0 1 1 1 0 1 0 0 0 0 7 0 7 2 0 b 0 0 0 0
20.0	1 1 0 0 0 0 0 0 0 0 0 0 0 0 7 0 7 0 0 0 0 0 0 0 ; NOP, prior instr LW
21.25	1 0 1 0 0 0 0 1 0 0 0 0 0 0 7 0 7 0 0 0 0 0 0 0
21.5	1 0 1 0 0 0 0 1 1 0 0 0 0 0 7 0 7 0 0 0 0 0 0 0
22.5	1 1 0 1 0 1 1 0 0 0 0 0 0 0 7 0 7 3 1 0 0 0 0 0 ; LW, prior LW
23.75	1 0 1 1 0 1 1 1 0 0 0 0 0 0 7 0 7 3 1 0 0 0 0 0
24.0	1 0 1 1 0 1 1 1 1 0 0 0 0 0 7 0 7 3 1 0 0 0 0 0
25.0	1 1 0 1 0 1 1 0 0 0 0 0 0 0 7 0 7 4 1 1 0 0 0 0 ; LW
26.25	1 0 1 1 0 1 1 0 0 0 0 0 0 0 7 0 7 4 1 1 0 0 0 0
27.5	1 1 0 0 0 0 0 0 0 0 0 0 0 0 7 0 7 0 0 0 0 0 0 0 ; NOP, prior instr LW
28.75	1 0 1 0 0 0 0 1 0 0 0 0 0 0 7 0 7 0 0 0 0 0 0 0
29.0	1 0 1 0 0 0 0 1 1 0 0 0 0 0 7 0 7 0 0 0 0 0 0 0
30.0	1 1 0 0 1 0 1 0 0 0 0 0 4 1 6 2 5 5 0 0 0 0 0 0 ; MUL, prior LW
31.25	1 0 1 0 1 0 1 1 0 0 0 0 4 1 6 2 5 5 0 0 0 0 0 0
31.5	1 0 1 0 1 0 1 1 1 0 0 0 4 1 6 2 5 5 0 0 0 0 0 0
32.5	1 1 0 0 0 0 0 0 0 0 0 0 0 0 7 0 7 0 0 0 0 0 0 0 ; NOP
33.75	1 0 1 0 0 0 0 0 0 0 0 0 0 0 7 0 7 0 0 0 0 0 0 0
35.0	1 1 0 0 1 0 1 0 0 0 0 2 0 3 4 4 3 6 0 0 0 0 0 0 ; ADD
36.25	1 0 1 0 1 0 1 0 0 0 0 2 0 3 4 4 3 6 0 0 0 0 0 0
37.5	1 1 0 0 0 0 0 0 0 0 0 0 0 0 7 0 7 0 0 0 0 0 0 0 ; NOP
38.75	1 0 1 0 0 0 0 0 0 0 0 0 0 0 7 0 7 0 0 0 0 0 0 0
40.0	1 1 0 0 0 0 0 0 0 0 0 0 0 0 7 0 7 0 0 0 0 0 0 0 ; NOP
41.25	1 0 1 0 0 0 0 0 0 0 0 0 0 0 7 0 7 0 0 0 0 0 0 0
42.5	1 1 0 0 0 0 0 0 0 0 0 0 0 0 7 0 7 0 0 0 0 0 0 0 ; NOP
43.75	1 0 1 0 0 0 0 0 0 0 0 0 0 0 7 0 7 0 0 0 0 0 0 0
45.0	1 1 0 0 0 0 0 0 0 0 0 0 0 0 7 0 7 0 0 0 0 0 0 0 ; NOP
46.25	1 0 1 0 0 0 0 0 0 0 0 0 0 0 7 0 7 0 0 0 0 0 0 0
47.5	1 1 0 0 0 0 0 0 0 0 0 0 0 0 7 0 7 0 0 0 0 0 0 0 ; NOP
48.75	1 0 1 0 0 0 0 0 0 0 0 0 0 0 7 0 7 0 0 0 0 0 0 0
50.0	1 1 0 0 1 0 0 0 0 0 0 0 0 0 7 5 2 0 0 0 0 0 0 0 ; STORE
51.25	1 0 1 0 1 0 0 0 0 0 0 0 0 0 7 5 2 0 0 0 0 0 0 0
52.5	1 1 0 0 1 0 0 0 0 0 0 0 0 0 7 6 1 0 0 1 0 0 0 0 ; STORE
53.75	1 0 1 0 1 0 0 0 0 0 0 0 0 0 7 6 1 0 0 1 0 0 0 0
55.0	1 1 0 1 0 0 1 0 0 0 1 0 1 3 4 0 7 5 0 0 0 0 0 4 ; SFL, prior SW
56.25	1 0 1 1 0 0 1 1 0 1 1 0 1 3 4 0 7 5 0 0 0 0 0 4
57.5	1 1 0 0 1 0 1 0 0 0 0 0 8 2 5 4 3 6 0 0 0 0 0 0 ; XOR, prior SW
58.75	1 0 1 0 1 0 1 1 0 1 0 0 8 2 5 4 3 6 0 0 0 0 0 0
60.0	1 1 0 0 0 0 0 0 0 0 0 0 0 0 7 0 7 0 0 0 0 0 0 0 ; NOP
61.25	1 0 1 0 0 0 0 0 0 0 0 0 0 0 7 0 7 0 0 0 0 0 0 0
62.5	1 1 0 0 0 0 0 0 0 0 0 0 0 0 7 0 7 0 0 0 0 0 0 0 ; NOP
63.75	1 0 1 0 0 0 0 0 0 0 0 0 0 0 7 0 7 0 0 0 0 0 0 0
65.0	1 1 0 0 1 0 1 0 0 0 0 1 0 5 2 3 4 7 0 0 0 0 0 0 ; AND
66.25	1 0 1 0 1 0 1 0 0 0 0 1 0 5 2 3 4 7 0 0 0 0 0 0
67.5	1 1 0 0 1 0 0 0 0 0 0 0 0 0 7 5 2 0 0 2 0 0 0 0 ; STORE
68.75	1 0 1 0 1 0 0 0 0 0 0 0 0 0 7 5 2 0 0 2 0 0 0 0
70.0	1 1 0 0 1 0 0 0 0 0 0 0 0 0 7 6 1 0 0 3 0 0 0 0 ; STORE
71.25	1 0 1 0 1 0 0 0 0 0 0 0 0 0 7 6 1 0 0 3 0 0 0 0
72.5	1 1 0 0 0 0 0 0 0 0 0 0 0 0 7 0 7 0 0 0 0 0 0 0 ; NOP, prior instr SW
73.75	1 0 1 0 0 0 0 1 0 1 0 0 0 0 7 0 7 0 0 0 0 0 0 0
75.0	1 1 0 0 1 0 0 0 0 0 0 0 0 0 7 7 0 0 0 4 0 0 0 0 ; SW, prior SW
76.25	1 0 1 0 1 0 0 1 0 1 0 0 0 0 7 7 0 0 0 4 0 0 0 0
77.5	1 1 0 1 0 1 1 0 0 0 0 0 0 0 7 0 7 0 0 0 0 0 0 0 ; LW
78.75	1 0 1 1 0 1 1 0 0 0 0 0 0 0 7 0 7 0 0 0 0 0 0 0
80.0	1 1 0 1 0 1 1 0 0 0 0 0 0 0 7 0 7 0 0 1 0 0 0 0 ; LW, prior SW
81.25	1 0 1 1 0 1 1 1 0 1 0 0 0 0 7 0 7 0 0 1 0 0 0 0
82.5	1 1 0 1 0 1 1 0 0 0 0 0 0 0 7 0 7 0 0 2 0 0 0 0 ; LW, prior LW
83.75	1 0 1 1 0 1 1 1 0 0 0 0 0 0 7 0 7 0 0 2 0 0 0 0
84.0	1 0 1 1 0 1 1 1 1 0 0 0 0 0 7 0 7 0 0 2 0 0 0 0
85.0	1 1 0 1 0 1 1 0 0 0 0 0 0 0 7 0 7 0 0 3 0 0 0 0 ; LW, prior LW
86.25	1 0 1 1 0 1 1 1 0 0 0 0 0 0 7 0 7 0 0 3 0 0 0 0
86.5	1 0 1 1 0 1 1 1 1 0 0 0 0 0 7 0 7 0 0 3 0 0 0 0
87.5	1 1 0 1 0 1 1 0 0 0 0 0 0 0 7 0 7 0 0 4 0 0 0 0 ; LW, prior LW
88.75	1 0 1 1 0 1 1 1 0 0 0 0 0 0 7 0 7 0 0 4 0 0 0 0
89.0	1 0 1 1 0 1 1 1 1 0 0 0 0 0 7 0 7 0 0 4 0 0 0 0
90.0	1 1 0 0 0 0 0 0 0 0 0 0 0 0 7 0 7 0 0 0 0 0 0 0 ; NOP, prior instr LW
91.25	1 0 1 0 0 0 0 1 0 0 0 0 0 0 7 0 7 0 0 0 0 0 0 0
91.5	1 0 1 0 0 0 0 1 1 0 0 0 0 0 7 0 7 0 0 0 0 0 0 0
92.5	1 1 0 0 0 0 0 0 0 0 0 0 0 0 7 0 7 0 0 0 0 0 0 0 ; NOP, prior instr LW
93.75	1 0 1 0 0 0 0 1 0 0 0 0 0 0 7 0 7 0 0 0 0 0 0 0
94.0	1 0 1 0 0 0 0 1 1 0 0 0 0 0 7 0 7 0 0 0 0 0 0 0
95.0	1 1 0 0 0 0 0 0 0 0 0 0 0 0 7 0 7 0 0 0 0 0 0 0 ; NOP
96.25	1 0 1 0 0 0 0 0 0 0 0 0 0 0 7 0 7 0 0 0 0 0 0 0
97.5	1 1 0 0 0 0 0 0 0 0 0 0 0 0 7 0 7 0 0 0 0 0 0 0 ; NOP
98.75	1 0 1 0 0 0 0 0 0 0 0 0 0 0 7 0 7 0 0 0 0 0 0 0
